ROF 'F11.5' X Y Z TNX TNY LEN L M N
GLO N
RSI SO..I W2 F1 R1
        Triplet    U.S. Patent 2,645,157
    Position  1, Wavelength =   587.6 NM
            X           Y           Z         TANX        TANY       LENGTH         L           M           N
OBJ      0.00000     0.00000     0.00000     0.00000     0.00000                 0.00000     0.00000     1.00000
  1      0.00000     0.00000     0.00000     0.00000     0.00000     0.00000     0.00000     0.00000     1.63854
  2      0.00000     0.00000     0.00000     0.00000     0.00000     6.09756     0.00000     0.00000     1.00000
  3      0.00000     0.00000     0.00000     0.00000     0.00000     9.34958     0.00000     0.00000     1.64769
  4      0.00000     0.00000     0.00000     0.00000     0.00000     2.03252     0.00000     0.00000     1.00000
STO      0.00000     0.00000     0.00000     0.00000     0.00000     5.99593     0.00000     0.00000     1.00000
  6      0.00000     0.00000     0.00000     0.00000     0.00000     4.06504     0.00000     0.00000     1.63854
  7      0.00000     0.00000     0.00000     0.00000     0.00000     6.09756     0.00000     0.00000     1.00000
IMG      0.00000     0.00000     0.00000     0.00000     0.00000    85.32004     0.00000     0.00000     1.00000
                       OPD =    0.000 Waves
RSI SO..I W2 F1 R2
        Triplet    U.S. Patent 2,645,157
    Position  1, Wavelength =   587.6 NM
            X           Y           Z         TANX        TANY       LENGTH         L           M           N
OBJ      0.00000     0.00000     0.00000     0.00000     0.00000                 0.00000     0.00000     1.00000
  1      0.00000    16.66667     3.52542     0.00000    -0.16876     3.52542     0.00000    -0.27267     1.61569
  2      0.00000    16.25587    -0.13795     0.00000    -0.29599     2.46860     0.00000    -0.28382     0.95888
  3      0.00000    14.02598    -1.95383     0.00000    -0.05397     7.85679     0.00000    -0.08880     1.64529
  4      0.00000    13.68824     2.27157     0.00000     0.13578     6.26703     0.00000     0.13454     0.99091
STO      0.00000    14.19393     0.00000     0.00000     0.13578     3.75853     0.00000     0.13454     0.99091
  6      0.00000    14.80608     0.44336     0.00000     0.05862     4.54977     0.00000     0.09589     1.63573
  7      0.00000    14.96738    -2.90269     0.00000    -0.16824     2.75623     0.00000    -0.16591     0.98614
IMG      0.00000     0.12478     0.00000     0.00000    -0.16824    89.46257     0.00000    -0.16591     0.98614
                       OPD =    1.090 Waves
RSI SO..I W2 F1 R3
        Triplet    U.S. Patent 2,645,157
    Position  1, Wavelength =   587.6 NM
            X           Y           Z         TANX        TANY       LENGTH         L           M           N
OBJ      0.00000     0.00000     0.00000     0.00000     0.00000                 0.00000     0.00000     1.00000
  1      0.00000   -16.66667     3.52542     0.00000     0.16876     3.52542     0.00000     0.27267     1.61569
  2      0.00000   -16.25587    -0.13795     0.00000     0.29599     2.46860     0.00000     0.28382     0.95888
  3      0.00000   -14.02598    -1.95383     0.00000     0.05397     7.85679     0.00000     0.08880     1.64529
  4      0.00000   -13.68824     2.27157     0.00000    -0.13578     6.26703     0.00000    -0.13454     0.99091
STO      0.00000   -14.19393     0.00000     0.00000    -0.13578     3.75853     0.00000    -0.13454     0.99091
  6      0.00000   -14.80608     0.44336     0.00000    -0.05862     4.54977     0.00000    -0.09589     1.63573
  7      0.00000   -14.96738    -2.90269     0.00000     0.16824     2.75623     0.00000     0.16591     0.98614
IMG      0.00000    -0.12478     0.00000     0.00000     0.16824    89.46257     0.00000     0.16591     0.98614
                       OPD =    1.090 Waves
RSI SO..I W2 F1 R4
        Triplet    U.S. Patent 2,645,157
    Position  1, Wavelength =   587.6 NM
            X           Y           Z         TANX        TANY       LENGTH         L           M           N
OBJ      0.00000     0.00000     0.00000     0.00000     0.00000                 0.00000     0.00000     1.00000
  1     16.66667     0.00000     3.52542    -0.16876     0.00000     3.52542    -0.27267     0.00000     1.61569
  2     16.25587     0.00000    -0.13795    -0.29599     0.00000     2.46860    -0.28382     0.00000     0.95888
  3     14.02598     0.00000    -1.95383    -0.05397     0.00000     7.85679    -0.08880     0.00000     1.64529
  4     13.68824     0.00000     2.27157     0.13578     0.00000     6.26703     0.13454     0.00000     0.99091
STO     14.19393     0.00000     0.00000     0.13578     0.00000     3.75853     0.13454     0.00000     0.99091
  6     14.80608     0.00000     0.44336     0.05862     0.00000     4.54977     0.09589     0.00000     1.63573
  7     14.96738     0.00000    -2.90269    -0.16824     0.00000     2.75623    -0.16591     0.00000     0.98614
IMG      0.12478     0.00000     0.00000    -0.16824     0.00000    89.46257    -0.16591     0.00000     0.98614
                       OPD =    1.090 Waves
RSI SO..I W2 F1 R5
        Triplet    U.S. Patent 2,645,157
    Position  1, Wavelength =   587.6 NM
            X           Y           Z         TANX        TANY       LENGTH         L           M           N
OBJ      0.00000     0.00000     0.00000     0.00000     0.00000                 0.00000     0.00000     1.00000
  1    -16.66667     0.00000     3.52542     0.16876     0.00000     3.52542     0.27267     0.00000     1.61569
  2    -16.25587     0.00000    -0.13795     0.29599     0.00000     2.46860     0.28382     0.00000     0.95888
  3    -14.02598     0.00000    -1.95383     0.05397     0.00000     7.85679     0.08880     0.00000     1.64529
  4    -13.68824     0.00000     2.27157    -0.13578     0.00000     6.26703    -0.13454     0.00000     0.99091
STO    -14.19393     0.00000     0.00000    -0.13578     0.00000     3.75853    -0.13454     0.00000     0.99091
  6    -14.80608     0.00000     0.44336    -0.05862     0.00000     4.54977    -0.09589     0.00000     1.63573
  7    -14.96738     0.00000    -2.90269     0.16824     0.00000     2.75623     0.16591     0.00000     0.98614
IMG     -0.12478     0.00000     0.00000     0.16824     0.00000    89.46257     0.16591     0.00000     0.98614
                       OPD =    1.090 Waves
RSI SO..I W2 F2 R1
        Triplet    U.S. Patent 2,645,157
    Position  1, Wavelength =   587.6 NM
            X           Y           Z         TANX        TANY       LENGTH         L           M           N
OBJ      0.00000  -0.253E+12     0.00000     0.00000     0.24933                 0.00000     0.24192     0.97030
  1      0.00000    -7.00962     0.60128     0.00000     0.21921     0.61969     0.00000     0.35085     1.60053
  2      0.00000    -5.80867    -0.01761     0.00000     0.37959     5.60874     0.00000     0.35488     0.93491
  3      0.00000    -2.27207    -0.05032     0.00000     0.20102     9.96553     0.00000     0.32473     1.61537
  4      0.00000    -1.84529     0.04019     0.00000     0.30983     2.16550     0.00000     0.29595     0.95520
STO      0.00000     0.00000     0.00000     0.00000     0.30983     6.23505     0.00000     0.29595     0.95520
  6      0.00000     1.26048     0.00321     0.00000     0.18150     4.25904     0.00000     0.29261     1.61220
  7      0.00000     2.35401    -0.06926     0.00000     0.26329     6.12352     0.00000     0.25461     0.96704
IMG      0.00000    24.83615     0.00000     0.00000     0.26329    88.29936     0.00000     0.25461     0.96704
                       OPD =    0.000 Waves
RSI SO..I W2 F2 R2
        Triplet    U.S. Patent 2,645,157
    Position  1, Wavelength =   587.6 NM
            X           Y           Z         TANX        TANY       LENGTH         L           M           N
OBJ      0.00000  -0.253E+12     0.00000     0.00000     0.24933                 0.00000     0.24192     0.97030
  1      0.00000     8.91755     0.97765     0.00000     0.05760     1.00758     0.00000     0.09422     1.63583
  2      0.00000     9.20989    -0.04428     0.00000     0.08841     5.08404     0.00000     0.08807     0.99611
  3      0.00000     9.95425    -0.97462     0.00000     0.13107     8.45208     0.00000     0.21413     1.63371
  4      0.00000    10.52235     1.32713     0.00000     0.43347     4.37134     0.00000     0.39771     0.91751
STO      0.00000    12.54613     0.00000     0.00000     0.43347     5.08856     0.00000     0.39771     0.91751
  6      0.00000    14.49231     0.42476     0.00000     0.22372     4.89345     0.00000     0.35773     1.59901
  7      0.00000    15.10002    -2.95642     0.00000     0.11199     2.78353     0.00000     0.11129     0.99379
IMG      0.00000    24.98584     0.00000     0.00000     0.11199    88.82827     0.00000     0.11129     0.99379
                       OPD =  -12.289 Waves
RSI SO..I W2 F2 R3
        Triplet    U.S. Patent 2,645,157
    Position  1, Wavelength =   587.6 NM
            X           Y           Z         TANX        TANY       LENGTH         L           M           N
OBJ      0.00000  -0.253E+12     0.00000     0.00000     0.24933                 0.00000     0.24192     0.97030
  1      0.00000   -16.31852     3.37316     0.00000     0.31842     3.47642     0.00000     0.49715     1.56129
  2      0.00000   -15.49089    -0.12527     0.00000     0.59052     2.72771     0.00000     0.50848     0.86107
  3      0.00000   -10.54207    -1.09441     0.00000     0.21825     9.73256     0.00000     0.35133     1.60979
  4      0.00000    -9.61826     1.10594     0.00000     0.20871     4.33251     0.00000     0.20431     0.97891
STO      0.00000    -8.59768     0.00000     0.00000     0.20871     4.99536     0.00000     0.20431     0.97891
  6      0.00000    -7.72410     0.12058     0.00000     0.13827     4.27581     0.00000     0.22442     1.62309
  7      0.00000    -6.98250    -0.61353     0.00000     0.36841     5.41447     0.00000     0.34569     0.93835
IMG      0.00000    24.67606     0.00000     0.00000     0.36841    91.57971     0.00000     0.34569     0.93835
                       OPD =   -9.305 Waves
RSI SO..I W2 F2 R4
        Triplet    U.S. Patent 2,645,157
    Position  1, Wavelength =   587.6 NM
            X           Y           Z         TANX        TANY       LENGTH         L           M           N
OBJ      0.00000  -0.253E+12     0.00000     0.00000     0.24933                 0.00000     0.24192     0.97030
  1     16.66667    -6.15424     4.03203    -0.17302     0.21712     4.15547    -0.27317     0.34279     1.57882
  2     16.33637    -5.73976    -0.15652    -0.31878     0.38820     1.98120    -0.28486     0.34690     0.89360
  3     13.94766    -2.83084    -2.01284    -0.04959     0.18882     8.38551    -0.08019     0.30536     1.61716
  4     13.63369    -1.63526     2.28633     0.15480     0.29299     6.45123     0.14694     0.27812     0.94924
STO A   14.20795    -0.54840     0.00000     0.15480     0.29299     3.90796     0.14694     0.27812     0.94924
  6     14.90699     0.77464     0.45065     0.06638     0.17129     4.75715     0.10697     0.27604     1.61157
  7     15.08463     1.23304    -2.97066    -0.16853     0.26649     2.72103    -0.16073     0.25416     0.95371
IMG      0.20497    24.76167     0.00000    -0.16853     0.26649    92.57563    -0.16073     0.25416     0.95371
                       OPD =    3.907 Waves
RSI SO..I W2 F2 R5
        Triplet    U.S. Patent 2,645,157
    Position  1, Wavelength =   587.6 NM
            X           Y           Z         TANX        TANY       LENGTH         L           M           N
OBJ      0.00000  -0.253E+12     0.00000     0.00000     0.24933                 0.00000     0.24192     0.97030
  1    -16.66667    -6.15424     4.03203     0.17302     0.21712     4.15547     0.27317     0.34279     1.57882
  2    -16.33637    -5.73976    -0.15652     0.31878     0.38820     1.98120     0.28486     0.34690     0.89360
  3    -13.94766    -2.83084    -2.01284     0.04959     0.18882     8.38551     0.08019     0.30536     1.61716
  4    -13.63369    -1.63526     2.28633    -0.15480     0.29299     6.45123    -0.14694     0.27812     0.94924
STO A  -14.20795    -0.54840     0.00000    -0.15480     0.29299     3.90796    -0.14694     0.27812     0.94924
  6    -14.90699     0.77464     0.45065    -0.06638     0.17129     4.75715    -0.10697     0.27604     1.61157
  7    -15.08463     1.23304    -2.97066     0.16853     0.26649     2.72103     0.16073     0.25416     0.95371
IMG     -0.20497    24.76167     0.00000     0.16853     0.26649    92.57563     0.16073     0.25416     0.95371
                       OPD =    3.907 Waves
RSI SO..I W2 F3 R1
        Triplet    U.S. Patent 2,645,157
    Position  1, Wavelength =   587.6 NM
            X           Y           Z         TANX        TANY       LENGTH         L           M           N
OBJ      0.00000  -0.370E+12     0.00000     0.00000     0.36397                 0.00000     0.34202     0.93969
  1      0.00000   -10.41761     1.34020     0.00000     0.32331     1.42621     0.00000     0.50407     1.55908
  2      0.00000    -8.89286    -0.04128     0.00000     0.59378     4.95643     0.00000     0.51056     0.85984
  3      0.00000    -3.38302    -0.11162     0.00000     0.29273    10.79179     0.00000     0.46290     1.58133
  4      0.00000    -2.72961     0.08800     0.00000     0.46202     2.32581     0.00000     0.41942     0.90779
STO      0.00000     0.00000     0.00000     0.00000     0.46202     6.50802     0.00000     0.41942     0.90779
  6      0.00000     1.88145     0.00715     0.00000     0.26132     4.48582     0.00000     0.41427     1.58530
  7      0.00000     3.43443    -0.14757     0.00000     0.38362     6.14240     0.00000     0.35817     0.93366
IMG      0.00000    36.22147     0.00000     0.00000     0.38362    91.54071     0.00000     0.35817     0.93366
                       OPD =    0.000 Waves
RSI SO..I W2 F3 R2
        Triplet    U.S. Patent 2,645,157
    Position  1, Wavelength =   587.6 NM
            X           Y           Z         TANX        TANY       LENGTH         L           M           N
OBJ      0.00000  -0.370E+12     0.00000     0.00000     0.36397                 0.00000     0.34202     0.93969
  1      0.00000     4.17174     0.21196     0.00000     0.16907     0.22557     0.00000     0.27316     1.61561
  2      0.00000     5.16449    -0.01392     0.00000     0.28001     5.95500     0.00000     0.26964     0.96296
  3      0.00000     7.62679    -0.56987     0.00000     0.22804     9.13187     0.00000     0.36634     1.60644
  4      0.00000     8.41258     0.84340     0.00000     0.60642     3.53425     0.00000     0.51853     0.85506
STO      0.00000    11.53719     0.00000     0.00000     0.60642     6.02592     0.00000     0.51853     0.85506
  6      0.00000    14.25141     0.41074     0.00000     0.30459     5.23446     0.00000     0.47743     1.56744
  7      0.00000    15.08494    -2.95028     0.00000     0.24203     2.86066     0.00000     0.23523     0.97194
IMG      0.00000    36.44865     0.00000     0.00000     0.24203    90.81882     0.00000     0.23523     0.97194
                       OPD =  -19.156 Waves
RSI SO..I W2 F3 R3
        Triplet    U.S. Patent 2,645,157
    Position  1, Wavelength =   587.6 NM
            X           Y           Z         TANX        TANY       LENGTH         L           M           N
OBJ      0.00000  -0.370E+12     0.00000     0.00000     0.36397                 0.00000     0.34202     0.93969
  1      0.00000   -16.34083     3.38280     0.00000     0.39034     3.59990     0.00000     0.59580     1.52638
  2      0.00000   -15.32905    -0.12267     0.00000     0.76484     2.78255     0.00000     0.60752     0.79431
  3      0.00000    -8.64520    -0.73340     0.00000     0.30007    11.00188     0.00000     0.47356     1.57817
  4      0.00000    -7.60860     0.68863     0.00000     0.38105     3.60672     0.00000     0.35608     0.93446
STO      0.00000    -5.58623     0.00000     0.00000     0.38105     5.67956     0.00000     0.35608     0.93446
  6      0.00000    -4.02476     0.03273     0.00000     0.22972     4.38519     0.00000     0.36685     1.59694
  7      0.00000    -2.65172    -0.08790     0.00000     0.45266     6.13260     0.00000     0.41238     0.91101
IMG      0.00000    36.00933     0.00000     0.00000     0.45266    93.75070     0.00000     0.41238     0.91101
                       OPD =   -8.021 Waves
RSI SO..I W2 F3 R4
        Triplet    U.S. Patent 2,645,157
    Position  1, Wavelength =   587.6 NM
            X           Y           Z         TANX        TANY       LENGTH         L           M           N
OBJ      0.00000  -0.370E+12     0.00000     0.00000     0.36397                 0.00000     0.34202     0.93969
  1     16.66667    -9.20610     4.66881    -0.17776     0.32050     4.96844    -0.27349     0.49308     1.53847
  2     16.44498    -8.80641    -0.18167    -0.34961     0.61115     1.32819    -0.28586     0.49971     0.81766
  3     13.84186    -4.25594    -2.08549    -0.04359     0.27269     9.10617    -0.06923     0.43310     1.58824
  4     13.56182    -2.50393     2.30680     0.17827     0.43086     6.66530     0.16157     0.39049     0.90632
STO A   14.21947    -0.91445     0.00000     0.17827     0.43086     4.07045     0.16157     0.39049     0.90632
  6     15.02592     1.03468     0.45881     0.07567     0.24418     4.99145     0.12013     0.38764     1.58748
  7     15.22226     1.66827    -3.04402    -0.16727     0.38823     2.67817    -0.15407     0.35759     0.92108
IMG      0.44162    35.97353     0.00000    -0.16727     0.38823    95.93501    -0.15407     0.35759     0.92108
                       OPD =   -9.634 Waves
RSI SO..I W2 F3 R5
        Triplet    U.S. Patent 2,645,157
    Position  1, Wavelength =   587.6 NM
            X           Y           Z         TANX        TANY       LENGTH         L           M           N
OBJ      0.00000  -0.370E+12     0.00000     0.00000     0.36397                 0.00000     0.34202     0.93969
  1    -16.66667    -9.20610     4.66881     0.17776     0.32050     4.96844     0.27349     0.49308     1.53847
  2    -16.44498    -8.80641    -0.18167     0.34961     0.61115     1.32819     0.28586     0.49971     0.81766
  3    -13.84186    -4.25594    -2.08549     0.04359     0.27269     9.10617     0.06923     0.43310     1.58824
  4    -13.56182    -2.50393     2.30680    -0.17827     0.43086     6.66530    -0.16157     0.39049     0.90632
STO A  -14.21947    -0.91445     0.00000    -0.17827     0.43086     4.07045    -0.16157     0.39049     0.90632
  6    -15.02592     1.03468     0.45881    -0.07567     0.24418     4.99145    -0.12013     0.38764     1.58748
  7    -15.22226     1.66827    -3.04402     0.16727     0.38823     2.67817     0.15407     0.35759     0.92108
IMG     -0.44162    35.97353     0.00000     0.16727     0.38823    95.93501     0.15407     0.35759     0.92108
                       OPD =   -9.634 Waves
