in cv_macro:PlotTho.seq  SO..I
CODE V> out ^out

        Triplet    U.S. Patent 2,645,157
              Position  1, Wavelength =   587.6 NM
         SA         TCO        TAS        SAS        PTB        DST        AX         LAT        PTZ
  1  -0.789580  -0.689932  -1.246198  -1.112229  -1.045245  -0.323954  -0.285038  -0.083022  -0.009468
  2  -0.662989   3.728566  -7.034575  -2.374802  -0.044915   4.451860  -0.189318   0.354901  -0.000407
  3   2.531817  -8.521110  10.405146   4.032094   0.845568  -4.523486   0.484277  -0.543296   0.007659
  4   0.868053   2.452404   3.333509   1.793847   1.024016   1.689312   0.369554   0.348018   0.009276
STO   0.000000   0.000000   0.000000   0.000000   0.000000   0.000000   0.000000   0.000000   0.000000
  6  -0.074120  -0.653350  -2.093567  -0.813763  -0.173862  -2.391039  -0.091191  -0.267943  -0.001575
  7  -2.215768   3.800318  -3.247128  -1.798679  -1.074454   1.028320  -0.315073   0.180130  -0.009733

SUM  -0.342587   0.116896   0.117187  -0.273533  -0.468893  -0.068987  -0.026790  -0.011211  -0.004247


* Coefficient sums are plotted as surface 8

CODE V>     out ^out
