ROF 'F11.5' X Y Z TNX TNY LEN L M N
GLO N
RSI SO..I W2 F1 R1
    Cooke Triplet f/4.5
    Position  1, Wavelength =   546.1 NM
            X           Y           Z         TANX        TANY       LENGTH         L           M           N
OBJ      0.00000     0.00000     0.00000     0.00000     0.00000                 0.00000     0.00000     1.00000
  1      0.00000     0.00000     0.00000     0.00000     0.00000     0.00000     0.00000     0.00000     1.62286
  2      0.00000     0.00000     0.00000     0.00000     0.00000     2.00000     0.00000     0.00000     1.00000
STO      0.00000     0.00000     0.00000     0.00000     0.00000     5.26000     0.00000     0.00000     1.62058
  4      0.00000     0.00000     0.00000     0.00000     0.00000     1.25000     0.00000     0.00000     1.00000
  5      0.00000     0.00000     0.00000     0.00000     0.00000     4.69000     0.00000     0.00000     1.62286
  6      0.00000     0.00000     0.00000     0.00000     0.00000     2.25000     0.00000     0.00000     1.00000
IMG      0.00000     0.00000     0.00000     0.00000     0.00000    43.07942     0.00000     0.00000     1.00000
                       OPD =    0.000 Waves
RSI SO..I W2 F1 R2
    Cooke Triplet f/4.5
    Position  1, Wavelength =   546.1 NM
            X           Y           Z         TANX        TANY       LENGTH         L           M           N
OBJ      0.00000     0.00000     0.00000     0.00000     0.00000                 0.00000     0.00000     1.00000
  1      0.00000     5.55559     0.73084     0.00000    -0.10190     0.73084     0.00000    -0.16452     1.61450
  2      0.00000     5.43841    -0.11922     0.00000    -0.19595     1.15590     0.00000    -0.19230     0.98134
STO      0.00000     4.48919    -0.53505     0.00000    -0.02335     4.93629     0.00000    -0.03783     1.62014
  4      0.00000     4.43695     0.45207     0.00000     0.09109     2.23773     0.00000     0.09071     0.99588
  5      0.00000     4.82621     0.03541     0.00000     0.05031     4.29104     0.00000     0.08154     1.62081
  6      0.00000     4.90063    -0.73523     0.00000    -0.11161     1.48123     0.00000    -0.11092     0.99383
IMG      0.00000     0.01057     0.00000     0.00000    -0.11161    44.08669     0.00000    -0.11092     0.99383
                       OPD =    0.307 Waves
RSI SO..I W2 F1 R3
    Cooke Triplet f/4.5
    Position  1, Wavelength =   546.1 NM
            X           Y           Z         TANX        TANY       LENGTH         L           M           N
OBJ      0.00000     0.00000     0.00000     0.00000     0.00000                 0.00000     0.00000     1.00000
  1      0.00000    -5.55559     0.73084     0.00000     0.10190     0.73084     0.00000     0.16452     1.61450
  2      0.00000    -5.43841    -0.11922     0.00000     0.19595     1.15590     0.00000     0.19230     0.98134
STO      0.00000    -4.48919    -0.53505     0.00000     0.02335     4.93629     0.00000     0.03783     1.62014
  4      0.00000    -4.43695     0.45207     0.00000    -0.09109     2.23773     0.00000    -0.09071     0.99588
  5      0.00000    -4.82621     0.03541     0.00000    -0.05031     4.29104     0.00000    -0.08154     1.62081
  6      0.00000    -4.90063    -0.73523     0.00000     0.11161     1.48123     0.00000     0.11092     0.99383
IMG      0.00000    -0.01057     0.00000     0.00000     0.11161    44.08669     0.00000     0.11092     0.99383
                       OPD =    0.307 Waves
RSI SO..I W2 F1 R4
    Cooke Triplet f/4.5
    Position  1, Wavelength =   546.1 NM
            X           Y           Z         TANX        TANY       LENGTH         L           M           N
OBJ      0.00000     0.00000     0.00000     0.00000     0.00000                 0.00000     0.00000     1.00000
  1      5.55559     0.00000     0.73084    -0.10190     0.00000     0.73084    -0.16452     0.00000     1.61450
  2      5.43841     0.00000    -0.11922    -0.19595     0.00000     1.15590    -0.19230     0.00000     0.98134
STO      4.48919     0.00000    -0.53505    -0.02335     0.00000     4.93629    -0.03783     0.00000     1.62014
  4      4.43695     0.00000     0.45207     0.09109     0.00000     2.23773     0.09071     0.00000     0.99588
  5      4.82621     0.00000     0.03541     0.05031     0.00000     4.29104     0.08154     0.00000     1.62081
  6      4.90063     0.00000    -0.73523    -0.11161     0.00000     1.48123    -0.11092     0.00000     0.99383
IMG      0.01057     0.00000     0.00000    -0.11161     0.00000    44.08669    -0.11092     0.00000     0.99383
                       OPD =    0.307 Waves
RSI SO..I W2 F1 R5
    Cooke Triplet f/4.5
    Position  1, Wavelength =   546.1 NM
            X           Y           Z         TANX        TANY       LENGTH         L           M           N
OBJ      0.00000     0.00000     0.00000     0.00000     0.00000                 0.00000     0.00000     1.00000
  1     -5.55559     0.00000     0.73084     0.10190     0.00000     0.73084     0.16452     0.00000     1.61450
  2     -5.43841     0.00000    -0.11922     0.19595     0.00000     1.15590     0.19230     0.00000     0.98134
STO     -4.48919     0.00000    -0.53505     0.02335     0.00000     4.93629     0.03783     0.00000     1.62014
  4     -4.43695     0.00000     0.45207    -0.09109     0.00000     2.23773    -0.09071     0.00000     0.99588
  5     -4.82621     0.00000     0.03541    -0.05031     0.00000     4.29104    -0.08154     0.00000     1.62081
  6     -4.90063     0.00000    -0.73523     0.11161     0.00000     1.48123     0.11092     0.00000     0.99383
IMG     -0.01057     0.00000     0.00000     0.11161     0.00000    44.08669     0.11092     0.00000     0.99383
                       OPD =    0.307 Waves
RSI SO..I W2 F2 R1
    Cooke Triplet f/4.5
    Position  1, Wavelength =   546.1 NM
            X           Y           Z         TANX        TANY       LENGTH         L           M           N
OBJ      0.00000  -0.249E+10     0.00000     0.00000     0.24933                 0.00000     0.24192     0.97030
  1      0.00000    -2.08889     0.10181     0.00000     0.18998     0.10492     0.00000     0.30289     1.59434
  2      0.00000    -1.73057    -0.01207     0.00000     0.32825     1.91986     0.00000     0.31188     0.95012
STO      0.00000     0.00000     0.00000     0.00000     0.19612     5.54883     0.00000     0.31188     1.59028
  4      0.00000     0.24541     0.00137     0.00000     0.33664     1.27521     0.00000     0.31905     0.94774
  5      0.00000     1.82550     0.00507     0.00000     0.19817     4.95252     0.00000     0.31547     1.59190
  6      0.00000     2.24047    -0.15097     0.00000     0.23813     2.13468     0.00000     0.23166     0.97280
IMG      0.00000    12.53504     0.00000     0.00000     0.23813    44.43923     0.00000     0.23166     0.97280
                       OPD =    0.000 Waves
RSI SO..I W2 F2 R2
    Cooke Triplet f/4.5
    Position  1, Wavelength =   546.1 NM
            X           Y           Z         TANX        TANY       LENGTH         L           M           N
OBJ      0.00000  -0.249E+10     0.00000     0.00000     0.24933                 0.00000     0.24192     0.97030
  1      0.00000     3.59499     0.30295     0.00000     0.08165     0.31223     0.00000     0.13206     1.61748
  2      0.00000     3.72897    -0.05604     0.00000     0.11404     1.64647     0.00000     0.11331     0.99356
STO      0.00000     4.27984    -0.48568     0.00000     0.15800     4.86167     0.00000     0.25291     1.60072
  4      0.00000     4.63199     0.49315     0.00000     0.43682     2.25647     0.00000     0.40029     0.91639
  5      0.00000     6.49325     0.06410     0.00000     0.24573     4.64973     0.00000     0.38727     1.57598
  6      0.00000     6.68704    -1.39727     0.00000     0.13293     0.81209     0.00000     0.13177     0.99128
IMG      0.00000    12.59918     0.00000     0.00000     0.13293    44.86791     0.00000     0.13177     0.99128
                       OPD =   -1.273 Waves
RSI SO..I W2 F2 R3
    Cooke Triplet f/4.5
    Position  1, Wavelength =   546.1 NM
            X           Y           Z         TANX        TANY       LENGTH         L           M           N
OBJ      0.00000  -0.249E+10     0.00000     0.00000     0.24933                 0.00000     0.24192     0.97030
  1      0.00000    -6.99551     1.17098     0.00000     0.28530     1.20682     0.00000     0.44524     1.56059
  2      0.00000    -6.81237    -0.18712     0.00000     0.55145     0.66752     0.00000     0.48289     0.87568
STO      0.00000    -4.04782    -0.43385     0.00000     0.20711     5.72500     0.00000     0.32866     1.58690
  4      0.00000    -3.63640     0.30261     0.00000     0.23196     2.02862     0.00000     0.22596     0.97414
  5      0.00000    -2.61628     0.01041     0.00000     0.14380     4.51456     0.00000     0.23099     1.60634
  6      0.00000    -2.31746    -0.16158     0.00000     0.34187     2.09939     0.00000     0.32349     0.94623
IMG      0.00000    12.46547     0.00000     0.00000     0.34187    45.69812     0.00000     0.32349     0.94623
                       OPD =   -2.470 Waves
RSI SO..I W2 F2 R4
    Cooke Triplet f/4.5
    Position  1, Wavelength =   546.1 NM
            X           Y           Z         TANX        TANY       LENGTH         L           M           N
OBJ      0.00000  -0.249E+10     0.00000     0.00000     0.24933                 0.00000     0.24192     0.97030
  1      5.55559    -1.91009     0.81894    -0.10443     0.18839     0.84401    -0.16567     0.29888     1.58647
  2      5.44598    -1.71234    -0.13138    -0.20879     0.33064     1.07376    -0.19446     0.30793     0.93132
STO      4.42905    -0.10196    -0.52089    -0.02333     0.19123     5.22963    -0.03712     0.30431     1.59132
  4      4.37742     0.32127     0.44229     0.09967     0.33230     2.25388     0.09417     0.31395     0.94476
  5      4.80476     1.74600     0.03973     0.05327     0.19522     4.53813     0.08473     0.31052     1.59062
  6      4.87695     2.01056    -0.85503    -0.11090     0.23929     1.38270    -0.10724     0.23138     0.96694
IMG      0.00451    12.52361     0.00000    -0.11090     0.23929    45.43678    -0.10724     0.23138     0.96694
                       OPD =    2.337 Waves
RSI SO..I W2 F2 R5
    Cooke Triplet f/4.5
    Position  1, Wavelength =   546.1 NM
            X           Y           Z         TANX        TANY       LENGTH         L           M           N
OBJ      0.00000  -0.249E+10     0.00000     0.00000     0.24933                 0.00000     0.24192     0.97030
  1     -5.55559    -1.91009     0.81894     0.10443     0.18839     0.84401     0.16567     0.29888     1.58647
  2     -5.44598    -1.71234    -0.13138     0.20879     0.33064     1.07376     0.19446     0.30793     0.93132
STO     -4.42905    -0.10196    -0.52089     0.02333     0.19123     5.22963     0.03712     0.30431     1.59132
  4     -4.37742     0.32127     0.44229    -0.09967     0.33230     2.25388    -0.09417     0.31395     0.94476
  5     -4.80476     1.74600     0.03973    -0.05327     0.19522     4.53813    -0.08473     0.31052     1.59062
  6     -4.87695     2.01056    -0.85503     0.11090     0.23929     1.38270     0.10724     0.23138     0.96694
IMG     -0.00451    12.52361     0.00000     0.11090     0.23929    45.43678     0.10724     0.23138     0.96694
                       OPD =    2.337 Waves
RSI SO..I W2 F3 R1
    Cooke Triplet f/4.5
    Position  1, Wavelength =   546.1 NM
            X           Y           Z         TANX        TANY       LENGTH         L           M           N
OBJ      0.00000  -0.364E+10     0.00000     0.00000     0.36397                 0.00000     0.34202     0.93969
  1      0.00000    -3.13684     0.23026     0.00000     0.27763     0.24504     0.00000     0.43413     1.56372
  2      0.00000    -2.65339    -0.02837     0.00000     0.50174     1.80723     0.00000     0.44846     0.89380
STO      0.00000     0.00000     0.00000     0.00000     0.28797     5.91670     0.00000     0.44846     1.55729
  4      0.00000     0.36082     0.00296     0.00000     0.51726     1.30388     0.00000     0.45943     0.88821
  5      0.00000     2.79134     0.01185     0.00000     0.29121     5.29027     0.00000     0.45375     1.55814
  6      0.00000     3.34459    -0.33835     0.00000     0.34759     1.97873     0.00000     0.32832     0.94457
IMG      0.00000    18.43624     0.00000     0.00000     0.34759    45.96586     0.00000     0.32832     0.94457
                       OPD =    0.000 Waves
RSI SO..I W2 F3 R2
    Cooke Triplet f/4.5
    Position  1, Wavelength =   546.1 NM
            X           Y           Z         TANX        TANY       LENGTH         L           M           N
OBJ      0.00000  -0.364E+10     0.00000     0.00000     0.36397                 0.00000     0.34202     0.93969
  1      0.00000     1.45449     0.04930     0.00000     0.18649     0.05246     0.00000     0.29752     1.59536
  2      0.00000     1.81580    -0.01328     0.00000     0.30096     1.97082     0.00000     0.28819     0.95757
STO      0.00000     3.31558    -0.28998     0.00000     0.25225     5.20410     0.00000     0.39638     1.57135
  4      0.00000     3.78688     0.32837     0.00000     0.61184     1.92687     0.00000     0.52190     0.85300
  5      0.00000     6.49474     0.06413     0.00000     0.32981     5.18844     0.00000     0.50831     1.54120
  6      0.00000     6.74625    -1.42328     0.00000     0.26344     0.80299     0.00000     0.25475     0.96701
IMG      0.00000    18.46990     0.00000     0.00000     0.26344    46.02102     0.00000     0.25475     0.96701
                       OPD =    0.945 Waves
RSI SO..I W2 F3 R3
    Cooke Triplet f/4.5
    Position  1, Wavelength =   546.1 NM
            X           Y           Z         TANX        TANY       LENGTH         L           M           N
OBJ      0.00000  -0.364E+10     0.00000     0.00000     0.36397                 0.00000     0.34202     0.93969
  1      0.00000    -6.99680     1.17142     0.00000     0.35647     1.24660     0.00000     0.54491     1.52864
  2      0.00000    -6.76726    -0.18465     0.00000     0.71956     0.68362     0.00000     0.58407     0.81171
STO      0.00000    -3.02273    -0.24070     0.00000     0.29978     6.41113     0.00000     0.46536     1.55232
  4      0.00000    -2.53201     0.14619     0.00000     0.42622     1.70887     0.00000     0.39209     0.91993
  5      0.00000    -0.59511     0.00054     0.00000     0.24978     4.93990     0.00000     0.39328     1.57449
  6      0.00000    -0.03325    -0.00003     0.00000     0.42943     2.31854     0.00000     0.39458     0.91886
IMG      0.00000    18.46615     0.00000     0.00000     0.42943    46.88355     0.00000     0.39458     0.91886
                       OPD =    2.767 Waves
RSI SO..I W2 F3 R4
    Cooke Triplet f/4.5
    Position  1, Wavelength =   546.1 NM
            X           Y           Z         TANX        TANY       LENGTH         L           M           N
OBJ      0.00000  -0.364E+10     0.00000     0.00000     0.36397                 0.00000     0.34202     0.93969
  1      5.55559    -2.88148     0.93188    -0.10712     0.27531     0.99168    -0.16672     0.42849     1.55637
  2      5.45702    -2.62813    -0.14790    -0.22491     0.50640     0.95954    -0.19673     0.44294     0.87470
STO      4.35395    -0.14452    -0.50343    -0.02327     0.28053     5.60703    -0.03629     0.43762     1.55995
  4      4.30315     0.46801     0.43002     0.11061     0.51013     2.26832     0.09806     0.45223     0.88649
  5      4.77939     2.66439     0.04552     0.05669     0.28684     4.85677     0.08830     0.44679     1.55764
  6      4.84741     3.00853    -1.00473    -0.10944     0.34953     1.24998    -0.10276     0.32821     0.93900
IMG      0.02294    18.41730     0.00000    -0.10944     0.34953    46.94804    -0.10276     0.32821     0.93900
                       OPD =    2.120 Waves
RSI SO..I W2 F3 R5
    Cooke Triplet f/4.5
    Position  1, Wavelength =   546.1 NM
            X           Y           Z         TANX        TANY       LENGTH         L           M           N
OBJ      0.00000  -0.364E+10     0.00000     0.00000     0.36397                 0.00000     0.34202     0.93969
  1     -5.55559    -2.88148     0.93188     0.10712     0.27531     0.99168     0.16672     0.42849     1.55637
  2     -5.45702    -2.62813    -0.14790     0.22491     0.50640     0.95954     0.19673     0.44294     0.87470
STO     -4.35395    -0.14452    -0.50343     0.02327     0.28053     5.60703     0.03629     0.43762     1.55995
  4     -4.30315     0.46801     0.43002    -0.11061     0.51013     2.26832    -0.09806     0.45223     0.88649
  5     -4.77939     2.66439     0.04552    -0.05669     0.28684     4.85677    -0.08830     0.44679     1.55764
  6     -4.84741     3.00853    -1.00473     0.10944     0.34953     1.24998     0.10276     0.32821     0.93900
IMG     -0.02294    18.41730     0.00000     0.10944     0.34953    46.94804     0.10276     0.32821     0.93900
                       OPD =    2.120 Waves
